$ANSIBLE_VAULT;1.1;AES256
37643233326465353634373838636638396332373261313438313637323465356637353365376562
3064326436333862663663643961363635363035346434630a366161396366616661353663613062
36373331313132643561326332333738653363343062383464626434353130663764616662313466
6631323439313936380a663931643665343835323165323963313863656633356532396361323636
30626365363166376430373234306462616239366235356465373032376433376461313239373633
32316431346562663363343461663830633330366161366137636663333435373938303133353638
37663337363936343265376538346538336664636637663932313964616137313066306463313662
64346263303164306366303836363737326339316437613438316135333362336565363238353230
66333163633035336463633430323337386430636661613961396362646539336264613563313764
63646437306438626665623264386138663938366239313837313237613535353236633239313634
63393536373666626562393531613739303435363932353065643265626661326236633164386339
64353834313732643737393034326661626339346434313965326563393132396463383734313232
64353333666433646363333537303831636261663932306265643764323963363031343936386165
32383335623862366566333563346630313133653664623361666437383434363962316562336631
35393930666365643233393961393461366330653064326435636237373533356663383265343434
62306636343537353763623934316332336533643661376132623932336437656538396266343733
62336231353934353265316463333135346135376466343565393534363438333761633830396432
6639306362633465376434316265653164613037616366303464
